0126Z0
0009K0
317450
486990
0126Z0_1m
0009K0_1m
317450_1m
005930
373220
207940
105560
000660
005380
000270
068270
005490
035420
006400
051910
003550
000810
055550
015760
032830
086790
009150
017670
018260
012330
034730
034020
010130
011200
003490
010950
009540
033780
000100
030200
042660
005830
024110
011070
090430
000720
028260
003670
035720
066570
001570
271560
005935
329180
012450
402340
267260
196170
010140
064350
316140
096770
138040
298040
247540
267250
086520
010120
000150
086280
352820
006800
259960
042700
047810
326030
007660
323410
298380
003230
278470
047050
272210
443060
071050
010620
277810
079550
307950
039490
161390
180640
005940
005387
016360
950160
141080
032640
377300
028300
034220
000880
064400
087010
029780
021240
006260
241560
000250
088980
128940
454910
001040
078930
066970
058470
028050
005385
138930
175330
450080
062040
011790
001440
022100
108490
302440
310210
051900
214450
214370
111770
036460
002380
035250
082740
347850
214150
052690
017800
031210
039030
011780
240810
097950
042670
071970
004990
103140
439260
000990
012750
012510
145020
383220
026960
068760
226950
009970
103590
237690
009420
088350
030000
000240
004370
014680
081660
008930
257720
018880
204320
004170
361610
403870
051600
353200
263750
035900
041510
001720
030530
095340
039200
139130
004800
140410
462870
003690
069620
018670
139480
069960
028670
002790
000155
023530
357780
005850
097230
336260
222800
489790
475830
457190
005290
020150
112610
160190
282330
010060
006040
098460
483650
007070
032350
192820
267270
008770
006280
011210
084370
065350
073240
064760
005070
006360
020560
395400
023590
375500
034230
083650
290650
058610
067310
445680
007340
323280
089030
085620
437730
007310
060370
017960
047040
178320
140860
003570
161890
077970
458870
348370
051915
300720
195940
003090
293490
007390
294870
00680K
035760
036930
003540
005300
005440
001800
096530
000080
000670
003380
358570
001120
249420
466100
082270
456160
000500
120110
071320
001430
415640
185750
004000
484870
085660
285130
204270
440110
330590
253450
100090
232140
078600
000815
089860
122870
376900
192080
319400
280360
137310
229640
389470
365550
030610
006120
192400
328130
009240
161580
388720
012630
030190
082640
468530
424870
001740
115180
036530
281740
075580
101490
137400
003530
079160
298020
005690
213420
397030
181710
287840
319660
499790
112040
006650
031980
004490
006730
007810
064960
086900
003240
195870
183300
114090
036830
066575
298050
108320
093370
166090
086450
056190
009450
100840
000210
131970
218410
225570
381970
248070
019170
007700
000640
067160
417200
476060
069260
014820
003850
032190
002030
042000
005250
211050
950210
281820
033500
002350
376300
095610
220100
174900
090360
214320
475960
039130
071055
008730
451800
00088K
348210
003470
084110
121600
241710
001680
064400_1m
031210_1m
439260_1m
001720_1m
140410_1m
475830_1m
483650_1m
020560_1m
085620_1m
007310_1m
458870_1m
003380_1m
249420_1m
00680K_1m
005440_1m
000670_1m
456160_1m
415640_1m
376900_1m
330590_1m
030610_1m
424870_1m
006120_1m
192400_1m
082640_1m
